,numer_sta,pmer,tend,cod_tend,dd,ff,t,td,u,vv,ww,w1,w2,n,nbas,hbas,cl,cm,ch,pres,niv_bar,geop,tend24,tn12,tn24,tx12,tx24,tminsol,sw,tw,raf10,rafper,per,etat_sol,ht_neige,ssfrai,perssfrai,rr1,rr3,rr6,rr12,rr24,phenspe1,phenspe2,phenspe3,phenspe4,nnuage1,ctype1,hnuage1,nnuage2,ctype2,hnuage2,nnuage3,ctype3,hnuage3,nnuage4,ctype4,hnuage4,tc,tn12c,tn24c,tx12c,tx24c,tminsolc,latitude,longitude,altitude,code_epci,code_reg,mois_de_l_annee
numer_sta,1.0,-0.5859882061234647,-0.06653171668180423,0.10986545588706127,-0.2449916628898207,0.46565890749918654,0.3309858916235859,0.4510761630640274,0.0955165494402634,0.20400092975328799,0.3155777330434614,0.16862592466833365,0.22780836615794847,0.07738474186669303,-0.041455234334640205,-0.058590808475139214,-0.08745040419839134,0.5414985332667693,0.08997293103086795,0.10093035439404435,,,0.0893329570579913,-0.2505251344853797,-0.7809195570272046,-0.4865500371759032,-0.5336050796394199,0.47056064500207806,,,0.5385805964829721,0.5899499791067039,-0.5044580928525696,0.3113832407233094,,,-0.4255658186466375,0.21457350597606187,0.24308646878333542,0.28220844069378215,0.35641960740858825,0.3922059818343033,,,,,-0.23780154742873072,0.2723983821849492,-0.07437623773194567,0.009174174055562766,0.07890851888390196,-0.0411434257638399,0.13795748108895067,0.004486208601315174,0.18589837202264733,,-0.9999967931193646,,0.33098589162358577,-0.2505251344853801,-0.7809195570271985,-0.4865500371759046,-0.533605079639406,0.47056064500207906,-0.8693267199094383,0.19882070752574663,-0.30638944768756815,0.11040747344581987,-0.5931009442140959,0.046844504811495616
pmer,-0.5859882061234647,1.0,0.2276285922559803,-0.19052567147765875,0.24558211867042026,-0.48648411323618035,-0.0406063485003889,0.025330703727063118,0.17221053056370966,-0.22917992069223414,-0.2877006187328813,-0.583570864251749,-0.709711744318935,-0.2678616826303197,-0.2860875659130567,0.08069345072974342,-0.6844408222093346,-0.44553944263376566,-0.7428672376631011,0.26492626949499726,,,0.30092806890437196,0.2895303916106663,0.16970633754386638,0.3732010602452595,-0.3642811840312949,-0.3865173880880765,,,-0.5696273203857414,-0.6031908845129751,0.600509176291305,-0.31629776300952966,,,-0.1146058101604535,-0.2078090342068056,-0.1658357553235631,-0.2044639189782122,-0.28107251598948985,-0.2879376820593896,,,,,0.12727631211698748,-0.29292314387743457,0.11773326003406293,0.2175820973177588,-0.5634166237482182,0.0809210122580314,0.054929374119893744,-0.3717765070529526,-0.16195036625396572,,0.5765566601970559,,-0.040606348500390535,0.28953039161066724,0.16970633754385916,0.37320106024526,-0.3642811840312907,-0.38651738808807856,0.6308510775600769,-0.4432904896551365,0.18570780882285487,-0.03186756417385799,-0.050959074245458494,0.08574329819002334
tend,-0.06653171668180423,0.2276285922559803,1.0,-0.793163785946067,0.265627091840222,-0.1297432838692604,-0.12692518569377925,-0.005863434389977876,0.20174094963895592,0.03448264413452283,0.02656671146059771,-0.2076438420446369,-0.2886763128678824,-0.13334390156493764,-0.04845287346642706,0.01675266440076825,-0.27886540512460545,-0.013090063427270303,-0.3733152748784491,-0.06491924590589848,,-1.0,0.4638809948174741,0.16816904764939244,0.13852538126114614,0.2874957663692751,-0.569180939727204,0.04949532894138087,,,-0.32573857322498156,-0.2026349510866487,0.23792623481251352,0.22050349849036108,,,0.08038070034866411,0.03938555929117345,0.04432012425894888,0.0448087590772316,0.05612987071614349,0.04195738274327642,,,,,0.10054471812685666,0.0068014269333531,-0.12399631955667102,0.24112427189287464,-0.2258963468490041,-0.05834275470765948,0.1929734452753677,0.05631581356694294,-0.1281115623799562,,1.0000000000000002,,-0.12692518569377756,0.1681690476493924,0.13852538126115607,0.2874957663692751,-0.5691809397272213,0.04949532894137937,0.08163599624262062,-0.11249691567521275,0.1472733072607215,0.03086451030753173,0.0466169754015181,-0.045719010593719835
cod_tend,0.10986545588706127,-0.19052567147765875,-0.793163785946067,1.0,-0.29174477295185075,0.14321030808302732,0.19764421406696334,0.03782848617422197,-0.2577235003787599,-0.028660895150626475,-0.005549184530794437,0.04232362480269053,0.13501229574919446,0.028022601191156942,0.03236368576005393,0.008893193901337056,0.22959642743746983,0.03349053220897406,0.2800277402604005,0.013298003120898867,,1.0,-0.3629724517312394,-0.11812018413523181,,-0.3100221536777193,,-0.21628366638666924,,,0.22434923547175176,0.2003532328924637,-0.1563165452203823,-0.20083728778005883,,,-0.13103560459023975,-0.15719990196279965,-0.15831677005125913,-0.15888089015255846,-0.17011378027525714,-0.13943133505180413,,,,,-0.24478934569501964,-0.023660677750144143,0.11207972914413199,-0.2156253654155207,0.020646003475383354,0.18416182188941485,-0.0665457841253908,0.17622684421256032,0.057344854521233155,,1.0000000000000002,,0.19764421406696375,-0.1181201841352318,,-0.3100221536777189,,-0.216283666386668,-0.11054441396445182,0.12896596767373958,-0.07976925089030838,0.012820924237641121,-0.03941233309448314,0.024320984446899705
dd,-0.2449916628898207,0.24558211867042026,0.265627091840222,-0.29174477295185075,1.0,0.16829066629274833,-0.2232525574045608,-0.21434945318165738,0.02971789515544597,-0.13680215634837423,-0.13866752295984,-0.1435989691791274,-0.299818757423132,-0.10936164434941746,0.23532332463213593,-0.16893578238445248,0.00890444562495393,0.12132923044214201,-0.21637561066256375,-0.07001502532515576,,-1.0,0.4664776438860906,0.20514919862196362,0.6324916937594633,-0.1587773707013508,-0.15696997866839127,-0.15957229107494486,,,0.13650071516191062,0.11501893536773682,0.08554799233220649,0.07541868829171819,,,0.3087035046990086,-0.1557563838943513,-0.12680936691729078,-0.1265550525558121,-0.1849342185532487,-0.19176932361972868,,,,,0.08403285512235868,0.11272450130252014,-0.1594693403822154,0.11438759037260178,-0.3047205660915836,0.13290511165453228,-0.12080384961332012,-0.47153552107723173,0.19069874825133887,,0.03846153846153922,,-0.22325255740456004,0.20514919862196188,0.6324916937594606,-0.158777370701351,-0.15696997866840032,-0.15957229107494275,0.12809181506073675,0.08778850991799846,0.15383117146557104,-0.1500984824547734,0.08971867992081281,-0.09265817269389977
ff,0.46565890749918654,-0.48648411323618035,-0.1297432838692604,0.14321030808302732,0.16829066629274833,1.0,-0.013170694360609901,-0.13956624026553344,-0.2779412593231585,0.185098100488316,-0.13627436312284674,-0.11970353432999191,-0.25329956518035934,-0.1861672750161604,0.11073733118744895,-0.05206500143150572,0.18104204503482338,0.5216910144206052,0.5138787745230327,-0.09677240329390219,,1.0,0.03791770901795397,-0.23740985108169274,0.311096361444805,-0.4977482019113109,-0.578343209667954,0.07800345350528133,,,0.986874976424702,0.9565751441343275,-0.5551293590991753,-0.18271987460361774,,,0.07432621765300626,-0.07360943263133807,-0.06003286323948868,-0.05740040012359272,-0.07331411019462146,-0.06557410262573177,,,,,-0.2988249427030283,0.4139443280743899,-0.08527491416519455,-0.2066182259622464,-0.40429568067126215,0.37344840304321625,-0.6451488741357027,-0.8147472344022355,0.8562724169237337,,-0.558660819127335,,-0.013170694360610203,-0.23740985108169424,0.31109636144480685,-0.4977482019113114,-0.578343209667967,0.07800345350528327,-0.5700425615139295,0.45317520355304125,-0.07442014418372818,0.031150086340122524,-0.0679868734478353,0.03601054385506692
t,0.3309858916235859,-0.0406063485003889,-0.12692518569377925,0.19764421406696334,-0.2232525574045608,-0.013170694360609901,1.0,0.827335338620419,-0.4188202485898535,0.5256286862986697,-0.10386818663083247,-0.15436598647485897,-0.09269118325462629,-0.1816134283425475,-0.1756111334616532,0.08284297606586745,-0.2187679084736315,0.07042034169718529,0.018463271352281797,0.08900887431977623,,1.0,-0.35156941820384163,0.8135787757587267,0.5978917459295718,0.8882425112648783,0.35890864126821653,0.42179620253580485,,,-0.06430146782202671,-0.05741247932348815,0.4402325844944937,-0.29338996295858555,,,-0.2091569393071581,0.09664289676464359,0.11953743082313142,0.12102305813247315,0.17227103551025444,0.18892174663051295,,,,,-0.4104520295347399,0.17773572138325466,0.10986674380452546,-0.42103781313179117,-0.7794041164711959,0.30800515324664074,0.35360948277700194,0.44170628212271656,-0.11717147695824527,,-0.9869115726091123,,1.0000000000000002,0.8135787757587253,0.5978917459295677,0.8882425112648792,0.3589086412682025,0.42179620253580763,-0.10498663051372058,-0.35099163509825876,-0.08243584598840946,0.07790024808510551,-0.17236417855603617,0.299123588468451
td,0.4510761630640274,0.025330703727063118,-0.005863434389977876,0.03782848617422197,-0.21434945318165738,-0.13956624026553344,0.827335338620419,1.0,0.1507606998446527,0.25030745864667187,0.3008706586098954,0.1616949783134811,0.3127127075352665,0.09357761550710818,0.07104241491950876,-0.13094349326299945,0.014185295463307006,0.17281995279110857,0.029090333615670358,0.3119133621555544,,1.0,-0.16555880541603674,0.9262521177286267,0.1658028817958464,0.732933634943706,0.6565929864363709,0.6404752555580733,,,-0.31407863737591374,-0.30502693994553687,0.5692163651291675,0.0023158554466595205,,,-0.07693211300352938,0.22726728253540682,0.2359543087964279,0.25011459895294497,0.33373848507429354,0.37058123563215306,,,,,-0.18097673419953442,0.04390629333980133,-0.058728014289561335,-0.2690043304310269,0.02134225693983503,0.023495258867052678,0.2765882579709736,0.6735947697114064,-0.19450300107913435,,-0.9998811507246724,,0.8273353386204185,0.9262521177286274,0.16580288179584407,0.7329336349437062,0.6565929864363674,0.6404752555580756,-0.16897727414180186,-0.4157831519842797,-0.2933895635577615,0.12635452817234089,-0.4006399115150764,0.1268367469768686
u,0.0955165494402634,0.17221053056370966,0.20174094963895592,-0.2577235003787599,0.02971789515544597,-0.2779412593231585,-0.4188202485898535,0.1507606998446527,1.0,-0.522515899130433,0.39672513303622214,0.41982159270123054,0.5469871307964311,0.45278471222795663,0.29879240702487303,-0.29632560529651425,0.35149658531618877,0.08833816975744588,0.007559262462866788,0.34624425632819167,,-1.0,0.3366264148437889,-0.09963112974817734,-0.43788825969182715,-0.3774629045232055,0.2227605845439008,-0.11326626412811208,,,-0.3269417157797344,-0.35399980193145086,0.0874119268668976,0.36220691353712997,,,0.25503068522533534,0.18973251692461068,0.16242390283184438,0.17432176573342514,0.21333211565785593,0.2346029492190648,,,,,0.4324536035442413,-0.1795451271569726,-0.25773704635792727,0.35231752989152365,0.843873966420886,-0.5459542408118542,0.006527350677452255,0.4426719023967163,-0.16609743933099017,,-0.8660254037844392,,-0.4188202485898534,-0.09963112974817502,-0.4378882596918247,-0.3774629045232057,0.22276058454391143,-0.11326626412811343,-0.025924508183481423,-0.10859912212743801,-0.3070848605567795,0.04748632771857752,-0.2531416251933643,-0.3418155738615031
vv,0.20400092975328799,-0.22917992069223414,0.03448264413452283,-0.028660895150626475,-0.13680215634837423,0.185098100488316,0.5256286862986697,0.25030745864667187,-0.522515899130433,1.0,-0.3404252214702897,-0.4913024972116697,-0.4967101662018659,-0.3936364512402117,-0.20729191136634678,0.38648461912715354,-0.5051542133757527,-0.029557726161668303,-0.32729386504288394,-0.13266381016650414,,,-0.23964244537949303,0.38603924926666505,,0.6754868642463902,,0.3033512177566142,,,0.1493585438024953,0.19042540493320068,,-0.10998275967297144,,,-0.3971394982487856,-0.13753538604937313,-0.11788049929494548,-0.12412842591904528,-0.14254202081907955,-0.08311042153121422,,,,,-0.40194329797207995,-0.2096416617079114,0.32858695543882843,-0.3464326542690022,-0.3822030527502865,0.05672358210962661,-0.03509406089974441,0.41526976724996095,-0.11425788512428109,,0.9261777306323473,,0.5256286862986707,0.386039249266666,,0.6754868642463913,,0.3033512177566138,-0.3042404813735623,0.20394239165587535,0.0910849872330722,0.21221045649398187,0.16093586675832386,0.24110751664939906
ww,0.3155777330434614,-0.2877006187328813,0.02656671146059771,-0.005549184530794437,-0.13866752295984,-0.13627436312284674,-0.10386818663083247,0.3008706586098954,0.39672513303622214,-0.3404252214702897,1.0,0.8561698225462984,0.6734042693582237,0.2672323630782929,0.3538437479564938,-0.23548899766833886,0.4536329872848098,-0.4656585118414027,0.4092455058494485,0.14480456235063874,,,0.055776318196632084,-0.3458296119982069,,-0.5127273576003915,,0.17718060151247114,,,-0.1647084489309494,-0.15817473408640995,,0.44638322254367685,,,0.19528336647123573,0.5870752255018162,0.49097789132536035,0.5032312991985873,0.5675769593732334,0.5725055988176451,,,,,0.13701928910897537,0.043536472088241074,-0.20483225752935172,0.18157058159647682,0.5653620163161177,-0.17413328908189585,0.31218676953556285,0.5901671065234753,-0.21140937129183726,,-1.0000000000000002,,-0.10386818663083364,-0.3458296119982086,,-0.5127273576003931,,0.17718060151247023,-0.1481426361430022,-0.20723068259169036,-0.21646486599858367,0.05884429123930614,0.004457480559790213,-0.23425718634898068
w1,0.16862592466833365,-0.583570864251749,-0.2076438420446369,0.04232362480269053,-0.1435989691791274,-0.11970353432999191,-0.15436598647485897,0.1616949783134811,0.41982159270123054,-0.4913024972116697,0.8561698225462984,1.0,0.8682431421244591,0.7636699116578806,0.7123153110610745,-0.42046782046932396,0.5996505573586863,0.3409316500555589,0.5066117034502268,0.20569453207504398,,,0.008427062232642266,0.49180592210290375,,0.30832740629675937,,0.21660749124169654,,,-0.11625428098614987,-0.06317796481978646,,0.7584205698830412,,,0.2734343708098652,0.6227950393889881,0.5991901246615061,0.6036322653740676,0.6616162871925155,0.6749015838802425,,,,,0.38704977728631396,0.2664350846284845,-0.3681154829627798,0.1450036976414354,0.6551724137931033,-0.699003159197491,0.5,0.5,-0.5384164503689884,,,,-0.1543659864748564,0.49180592210289853,,0.30832740629675387,,0.2166074912417,-0.1962034939556821,0.041747554532077735,-0.5175157225517977,-0.14504127120738317,0.154581150495285,-0.7747247335011399
w2,0.22780836615794847,-0.709711744318935,-0.2886763128678824,0.13501229574919446,-0.299818757423132,-0.25329956518035934,-0.09269118325462629,0.3127127075352665,0.5469871307964311,-0.4967101662018659,0.6734042693582237,0.8682431421244591,1.0,0.7824251547024312,0.6735957429966115,-0.4036069631078001,0.6230989084557803,0.3014613020313071,0.4665694748158432,0.1776834399406529,,,-0.052530509946964184,0.6807061638788836,,0.8657750092055055,,0.17607000587841265,,,-0.29250269190427586,-0.3092289212330582,,0.699454637990666,,,0.2734343708098652,0.7892737760710161,0.8025098069641998,0.8176707715570495,0.8288529938957284,0.8337374462409706,,,,,0.25835065271108165,0.2302851867471329,-0.3532965871560682,0.18731716231633877,0.6882472016116853,-0.7625137033458582,,,-1.0,,,,-0.09269118325461967,0.6807061638788794,,0.8657750092055061,,0.17607000587841415,-0.2814213809585957,0.18642617907779735,-0.4824690674729777,0.004507647642571623,0.17457973484048797,-0.7240698455939303
n,0.07738474186669303,-0.2678616826303197,-0.13334390156493764,0.028022601191156942,-0.10936164434941746,-0.1861672750161604,-0.1816134283425475,0.09357761550710818,0.45278471222795663,-0.3936364512402117,0.2672323630782929,0.7636699116578806,0.7824251547024312,1.0,0.6706445310377861,-0.5113015774053735,0.6074696029369854,0.49113520307408937,0.6896363178751347,0.11938183661916144,,,0.2541456460828564,0.10610200577153739,,-0.21705138002734392,,0.028589488875457852,,,-0.16510174734207167,-0.17477162777081234,,0.43737464949428245,,,0.111047151747415,0.16094113181471079,0.13717539905099832,0.14821331096813253,0.16889735067594194,0.18756129654777473,,,,,0.3474670096292299,0.054863401076895794,-0.44154633145716665,0.44908026184077027,0.665833612081113,-0.7892999301251431,0.043900203592056465,0.3665083330689155,-0.15170778167471705,,-0.49999999999999956,,-0.1816134283425438,0.10610200577153299,,-0.21705138002733723,,0.028589488875451523,-0.03510605884919088,-0.13602209527841813,-0.23620135672964804,0.018990839795489302,-0.11186535787170962,-0.5841336480747666
nbas,-0.041455234334640205,-0.2860875659130567,-0.04845287346642706,0.03236368576005393,0.23532332463213593,0.11073733118744895,-0.1756111334616532,0.07104241491950876,0.29879240702487303,-0.20729191136634678,0.3538437479564938,0.7123153110610745,0.6735957429966115,0.6706445310377861,1.0,-0.5243870971729963,0.7482444503363076,0.5727541833759798,0.6325574013315953,0.11183166676210497,,,0.2976183286040241,0.2609657819665894,,-0.26358287115553863,,-0.07099629883048851,,,0.13125882352136406,0.09561760206240424,,0.4751006152529976,,,0.4895377812424733,0.0758358806966624,0.022760306496732496,0.035653452734749125,0.06615522386533795,0.06292763083709736,,,,,0.41624067878829674,0.23027998797853005,-0.5525519620011938,0.07099451124193303,0.7200055989544175,-0.41892043633298154,0.12054138269995315,0.4193139346887673,-0.21368879970822813,,0.3812464258315124,,-0.17561113346165885,0.26096578196658937,,-0.2635828711555397,,-0.07099629883049571,0.0553710347863038,-0.04302705933535086,-0.2246914378184648,-0.10006919075317199,-0.0757956717498633,-0.5429505493711849
hbas,-0.058590808475139214,0.08069345072974342,0.01675266440076825,0.008893193901337056,-0.16893578238445248,-0.05206500143150572,0.08284297606586745,-0.13094349326299945,-0.29632560529651425,0.38648461912715354,-0.23548899766833886,-0.42046782046932396,-0.4036069631078001,-0.5113015774053735,-0.5243870971729963,1.0,-0.5646404139508034,-0.35835458811826704,-0.26497644968242995,-0.10442268395295887,,,-0.21238676752518304,-0.12920232262572548,,0.38561774517756375,,-0.01703490357737755,,,-0.013003105366605074,0.02721822360170421,,-0.3168137560507092,,,-0.7681071549282493,-0.16669622339545298,-0.15906138953996332,-0.165037292805567,-0.16927360043283002,-0.13192102642484158,,,,,-0.0244007986408331,-0.7415682174022439,0.9986396220944093,0.1863341378140793,-0.6485438263538635,0.17461164451162245,0.031199906189542184,0.3331353692996392,0.16871480642943412,,0.6546536707079779,,0.0828429760658677,-0.12920232262572753,,0.3856177451775637,,-0.017034903577378756,0.017672581700250573,0.1243045913475798,0.15032164309818993,0.12881171388582227,0.08070147474267376,0.40350489896139746
cl,-0.08745040419839134,-0.6844408222093346,-0.27886540512460545,0.22959642743746983,0.00890444562495393,0.18104204503482338,-0.2187679084736315,0.014185295463307006,0.35149658531618877,-0.5051542133757527,0.4536329872848098,0.5996505573586863,0.6230989084557803,0.6074696029369854,0.7482444503363076,-0.5646404139508034,1.0,0.2917134341619856,0.9097368726448062,0.09075807638221983,,,0.027612226052758437,0.6005631894295022,,-0.2320173356080285,,-0.31046462966382987,,,0.2963208932295476,0.245203298594333,,0.576434974031341,,,0.32720999550184426,0.3156463645996522,0.2702197381696151,0.3233506343018354,0.35602387984781997,0.3690991277142222,,,,,0.054968315740875635,0.5292887337839483,-0.5931772383315995,-0.1877669040497028,0.48553038055886144,-0.5855224675709455,-0.37463432463267793,0.2294157338705614,0.04819055833906834,,,,-0.21876790847362568,0.6005631894295046,,-0.23201733560803173,,-0.3104646296638283,0.07906313217816306,-0.1482951646936157,-0.4589383192663966,-0.03701663885528383,0.13138572334901613,-0.7088048441583157
cm,0.5414985332667693,-0.44553944263376566,-0.013090063427270303,0.03349053220897406,0.12132923044214201,0.5216910144206052,0.07042034169718529,0.17281995279110857,0.08833816975744588,-0.029557726161668303,-0.4656585118414027,0.3409316500555589,0.3014613020313071,0.49113520307408937,0.5727541833759798,-0.35835458811826704,0.2917134341619856,1.0,0.47490593506715567,-0.13172364318840743,,,-0.2142728791086614,0.58597571344454,,-0.23201733560802854,,-0.009440265720788087,,,0.37221071452639004,0.5252572156402954,,0.6962865049091813,,,0.37267799624996495,,0.6962865049091813,0.6962865049091813,0.701106403391372,0.6400589747659231,,,,,0.00955019672461864,0.25574480523640253,-0.40427763522457477,0.31868871959954903,0.995105208005666,-0.9637634136305602,1.0,,-1.0,,,,0.07042034169718944,0.5859757134445425,,-0.23201733560803176,,-0.009440265720787157,-0.5357745887812569,0.4592325185621782,-0.0399295714772712,0.5259813534476621,-0.23318706633063502,-0.7155224682687489
ch,0.08997293103086795,-0.7428672376631011,-0.3733152748784491,0.2800277402604005,-0.21637561066256375,0.5138787745230327,0.018463271352281797,0.029090333615670358,0.007559262462866788,-0.32729386504288394,0.4092455058494485,0.5066117034502268,0.4665694748158432,0.6896363178751347,0.6325574013315953,-0.26497644968242995,0.9097368726448062,0.47490593506715567,1.0,0.07459222604145055,,,-0.4295615751641729,0.45100290529490417,,-0.392033033402741,,0.7704605115613714,,,0.6119840401662772,0.5800933474267784,,,,,-0.5375872022286248,,,,-0.10246310391571194,0.6119097028190998,,,,,0.07934009586606103,0.2768567385198917,-0.28957782917957625,0.21926450482675722,0.4564354645876384,-0.6070536639732901,-1.0,,1.0,,,,0.018463271352285354,0.4510029052949076,,-0.3920330334027439,,0.7704605115613684,-0.07830721228206343,-0.046463198576713924,-0.37925407690313695,0.09251840994674441,-0.16773756679040705,-0.5479762250501117
pres,0.10093035439404435,0.26492626949499726,-0.06491924590589848,0.013298003120898867,-0.07001502532515576,-0.09677240329390219,0.08900887431977623,0.3119133621555544,0.34624425632819167,-0.13266381016650414,0.14480456235063874,0.20569453207504398,0.1776834399406529,0.11938183661916144,0.11183166676210497,-0.10442268395295887,0.09075807638221983,-0.13172364318840743,0.07459222604145055,1.0,,1.0,0.21967985941675328,0.07819672684322672,0.25669176572089664,-0.15833949142488526,-0.33025377829278446,0.1859696717374801,,,-0.20515137955124227,-0.21057504571102154,0.13763692078431378,-0.0563491134465064,,,-0.32163223268918384,0.050874253061560785,0.05045566467832384,0.056963522908602814,0.0823332382251089,0.09216943399641979,,,,,0.22741849046918733,0.19256527878849217,-0.01461172386194371,-0.19773906211970593,-0.32272018049698104,0.2183935010869203,0.011104756503656426,-0.03384409682841361,0.05833970185475698,,-0.5445942055828701,,0.08900887431977646,0.07819672684322966,0.2566917657209022,-0.15833949142488715,-0.3302537782927916,0.18596967173747794,-0.039710210467755684,-0.10778732198852417,-0.9331517972904154,-0.009214045354011397,-0.2577701306554919,-0.034617596740783574
niv_bar,,,,,,,,,,,,,,,,,,,,,,,,,,,,,,,,,,,,,,,,,,,,,,,,,,,,,,,,,,,,,,,,,,,,,,
geop,,,-1.0,1.0,-1.0,1.0,1.0,1.0,-1.0,,,,,,,,,,,1.0,,1.0,-1.0,,,,,1.0,,,1.0,1.0,,,,,,-0.9999999999999999,-0.9999999999999999,-0.9999999999999999,-0.9999999999999999,-0.9999999999999999,,,,,,,,,,,,,,,,,1.0,,,,,1.0,,,,,,
tend24,0.0893329570579913,0.30092806890437196,0.4638809948174741,-0.3629724517312394,0.4664776438860906,0.03791770901795397,-0.35156941820384163,-0.16555880541603674,0.3366264148437889,-0.23964244537949303,0.055776318196632084,0.008427062232642266,-0.052530509946964184,0.2541456460828564,0.2976183286040241,-0.21238676752518304,0.027612226052758437,-0.2142728791086614,-0.4295615751641729,0.21967985941675328,,-1.0,1.0,-0.37852325094585315,-0.7184213383838896,-0.5642488862687524,0.08900704872670183,-0.32504697938281624,,,-0.12675692146597822,-0.0509714884291921,,0.14880312844889726,,,0.016168957125743195,-0.041677919340707824,-0.00956315998046483,-0.002252783616152841,-0.027905098659014336,-0.007277541895743712,,,,,0.32621375813853215,-0.16543127279436098,-0.23114189164519092,0.44077667089007505,-0.026835159801435887,-0.21176747281601954,0.24590887064888708,0.49301078905168655,-0.31204460857810157,,-0.8055609210153645,,-0.3515694182038408,-0.3785232509458526,-0.7184213383838994,-0.5642488862687529,0.08900704872672463,-0.32504697938281246,-0.1691901832604286,0.07435878378447007,-0.14320349793687517,-0.20218896620650947,-0.15052807698714527,-0.26374932919812544
tn12,-0.2505251344853797,0.2895303916106663,0.16816904764939244,-0.11812018413523181,0.20514919862196362,-0.23740985108169274,0.8135787757587267,0.9262521177286267,-0.09963112974817734,0.38603924926666505,-0.3458296119982069,0.49180592210290375,0.6807061638788836,0.10610200577153739,0.2609657819665894,-0.12920232262572548,0.6005631894295022,0.58597571344454,0.45100290529490417,0.07819672684322672,,,-0.37852325094585315,1.0,,0.7746629731801874,,0.764540096117521,,,-0.45520492076768365,-0.2550461998161984,0.6985692727943823,-0.29073426785387985,,,,-0.031082196789987016,0.06346218206618455,0.06559837271400981,0.33912883814393024,-0.03905176591168999,,,,,-0.14261733937727322,0.5897425381992424,-0.12485550189648939,-0.5694295316081506,,0.7426885782244372,0.03266276672319166,,-0.1555427542095536,,,,0.8135787757587275,1.0000000000000002,,0.7746629731801882,,0.7645400961175202,0.18072868558547697,-0.32563621316881886,0.048594418407812486,-0.00220887127631773,0.33573165892247314,0.05404832068002559
tn24,-0.7809195570272046,0.16970633754386638,0.13852538126114614,,0.6324916937594633,0.311096361444805,0.5978917459295718,0.1658028817958464,-0.43788825969182715,,,,,,,,,,,0.25669176572089664,,,-0.7184213383838896,,1.0,,0.42888761876635334,,,,,,,,,,,,,-0.041855145844089336,0.0043322480544020145,0.0013341566693287133,,,,,,,,,,,,,,,,,0.5978917459295718,,0.9999999999999993,,0.42888761876633036,,-0.7510782425078956,0.7747934995248819,-0.16952796377407828,-0.1372514959190613,0.01400829536699159,0.7871468169798864
tx12,-0.4865500371759032,0.3732010602452595,0.2874957663692751,-0.3100221536777193,-0.1587773707013508,-0.4977482019113109,0.8882425112648783,0.732933634943706,-0.3774629045232055,0.6754868642463902,-0.5127273576003915,0.30832740629675937,0.8657750092055055,-0.21705138002734392,-0.26358287115553863,0.38561774517756375,-0.2320173356080285,-0.23201733560802854,-0.392033033402741,-0.15833949142488526,,,-0.5642488862687524,0.7746629731801874,,1.0,,0.7358211845539372,,,-0.5684618428784477,-0.47618535883796625,0.7065403514110813,-0.40247822891725654,,,,0.25696067368122444,0.03241490037046929,0.026428331064539696,0.04065793225258198,-0.41530049938901265,,,,,-0.13356654248494662,-0.2320173356080285,0.38712183854531845,-0.2653820855681764,,0.601954206358376,0.9999999999999913,,-0.9999999999999913,,,,0.8882425112648784,0.7746629731801875,,1.0000000000000007,,0.7358211845539344,0.4279870069295841,-0.5388204104047346,0.33635886827904393,0.08217220122402326,0.39883282430815076,0.4340597589038532
tx24,-0.5336050796394199,-0.3642811840312949,-0.569180939727204,,-0.15696997866839127,-0.578343209667954,0.35890864126821653,0.6565929864363709,0.2227605845439008,,,,,,,,,,,-0.33025377829278446,,,0.08900704872670183,,0.42888761876635334,,1.0,,,,,,,,,,,,,-0.10202591671733115,-0.1327292974453339,-0.1435135413330969,,,,,,,,,,,,,,,,,0.3589086412682042,,0.4288876187663365,,0.9999999999999956,,-0.6398611993535518,0.615732122850777,0.1699581818378223,0.6561896757735426,0.7946330082138445,0.31871266225536293
tminsol,0.47056064500207806,-0.3865173880880765,0.04949532894138087,-0.21628366638666924,-0.15957229107494486,0.07800345350528133,0.42179620253580485,0.6404752555580733,-0.11326626412811208,0.3033512177566142,0.17718060151247114,0.21660749124169654,0.17607000587841265,0.028589488875457852,-0.07099629883048851,-0.01703490357737755,-0.31046462966382987,-0.009440265720788087,0.7704605115613714,0.1859696717374801,,1.0,-0.32504697938281624,0.764540096117521,,0.7358211845539372,,1.0,,,0.021014948594614793,0.0748301621243598,,-0.2628705551950424,,,-0.4273304761558862,0.5068793024557359,0.5250185032445662,0.5230116231516523,0.5174380611554387,0.4817257958853021,,,,,-0.2787835564547512,-0.2886431866799029,0.08050596418917964,-0.10114063592020614,-0.811391433067203,0.15968736836366298,0.4498576098243905,-0.9912407071619249,0.03387064210152722,,-0.9692503259377153,,0.42179620253580663,0.7645400961175207,,0.7358211845539383,,1.0000000000000004,-0.2908866558127204,-0.30011258474042074,-0.25903558086093553,0.036049229407071386,-0.001142245515299076,0.3644077323510581
sw,,,,,,,,,,,,,,,,,,,,,,,,,,,,,,,,,,,,,,,,,,,,,,,,,,,,,,,,,,,,,,,,,,,,,,
tw,,,,,,,,,,,,,,,,,,,,,,,,,,,,,,,,,,,,,,,,,,,,,,,,,,,,,,,,,,,,,,,,,,,,,,
raf10,0.5385805964829721,-0.5696273203857414,-0.32573857322498156,0.22434923547175176,0.13650071516191062,0.986874976424702,-0.06430146782202671,-0.31407863737591374,-0.3269417157797344,0.1493585438024953,-0.1647084489309494,-0.11625428098614987,-0.29250269190427586,-0.16510174734207167,0.13125882352136406,-0.013003105366605074,0.2963208932295476,0.37221071452639004,0.6119840401662772,-0.20515137955124227,,1.0,-0.12675692146597822,-0.45520492076768365,,-0.5684618428784477,,0.021014948594614793,,,1.0,0.9718360571506353,-0.5794572179839604,-0.20081717922055772,,,0.017192537614294217,-0.07571589798745101,-0.06073648749193229,-0.06147460594710058,-0.07213951651262172,-0.06661631579848214,,,,,-0.2714342773785438,0.3151814539606304,-0.06199815729478133,-0.24378885667395547,-0.5253027169776225,0.39789022229616544,-0.6814872364734872,-0.731046803302527,0.8166966361436703,,-0.49999999999999944,,-0.064301467822026,-0.4552049207676833,,-0.5684618428784479,,0.021014948594615973,-0.6113754041733206,0.6044909937606191,0.006801361434754965,0.0813273077181451,0.03871243029001596,0.038776165385718306
rafper,0.5899499791067039,-0.6031908845129751,-0.2026349510866487,0.2003532328924637,0.11501893536773682,0.9565751441343275,-0.05741247932348815,-0.30502693994553687,-0.35399980193145086,0.19042540493320068,-0.15817473408640995,-0.06317796481978646,-0.3092289212330582,-0.17477162777081234,0.09561760206240424,0.02721822360170421,0.245203298594333,0.5252572156402954,0.5800933474267784,-0.21057504571102154,,1.0,-0.0509714884291921,-0.2550461998161984,,-0.47618535883796625,,0.0748301621243598,,,0.9718360571506353,1.0,-0.5501343258767318,-0.18427558970157518,,,-0.062023898285722925,-0.10711324221821227,-0.08945337349448029,-0.08876884933245854,-0.1027376999303119,-0.0964828353618873,,,,,-0.31615567147048873,0.3621895095800523,-0.03877488579202361,-0.2779108257511947,-0.377845318614845,0.3186516059346802,-0.6998050845245739,-0.7995952175642936,0.8449084777368996,,-0.13802652617689154,,-0.057412479323487274,-0.2550461998161991,,-0.4761853588379662,,0.07483016212436229,-0.6303354336279058,0.6601093267014758,0.005621844282671748,0.07834874146696472,0.0791006187510261,0.03245986014638478
per,-0.5044580928525696,0.600509176291305,0.23792623481251352,-0.1563165452203823,0.08554799233220649,-0.5551293590991753,0.4402325844944937,0.5692163651291675,0.0874119268668976,,,,,,,,,,,0.13763692078431378,,,,0.6985692727943823,,0.7065403514110813,,,,,-0.5794572179839604,-0.5501343258767318,1.0,,,,,,,,,,,,,,,,,,,,,,,,,,0.4402325844944924,0.6985692727943821,,0.7065403514110818,,,0.48435688339508337,-0.6465773274605371,0.08013172055128467,,,-0.04755651115956349
etat_sol,0.3113832407233094,-0.31629776300952966,0.22050349849036108,-0.20083728778005883,0.07541868829171819,-0.18271987460361774,-0.29338996295858555,0.0023158554466595205,0.36220691353712997,-0.10998275967297144,0.44638322254367685,0.7584205698830412,0.699454637990666,0.43737464949428245,0.4751006152529976,-0.3168137560507092,0.576434974031341,0.6962865049091813,,-0.0563491134465064,,,0.14880312844889726,-0.29073426785387985,,-0.40247822891725654,,-0.2628705551950424,,,-0.20081717922055772,-0.18427558970157518,,1.0,,,0.37796447300922714,0.3784713140784979,0.4125070762278545,0.4199624970336768,0.46839245944174357,0.5091699792934542,,,,,0.20715325360223277,0.3210950613866024,-0.36939362697228545,-0.2552658789246515,0.9191450300180578,-0.39452988765732905,0.18195633571851266,1.0,-0.32272598360159493,,,,-0.29338996295858294,-0.29073426785388146,,-0.40247822891725726,,-0.262870555195054,-0.30573701141612136,0.24404142612095375,-0.08123885755000537,-0.15793103660403007,0.29378923551150543,-0.7223989841467523
ht_neige,,,,,,,,,,,,,,,,,,,,,,,,,,,,,,,,,,,,,,,,,,,,,,,,,,,,,,,,,,,,,,,,,,,,,,
ssfrai,,,,,,,,,,,,,,,,,,,,,,,,,,,,,,,,,,,,,,,,,,,,,,,,,,,,,,,,,,,,,,,,,,,,,,
perssfrai,-0.4255658186466375,-0.1146058101604535,0.08038070034866411,-0.13103560459023975,0.3087035046990086,0.07432621765300626,-0.2091569393071581,-0.07693211300352938,0.25503068522533534,-0.3971394982487856,0.19528336647123573,0.2734343708098652,0.2734343708098652,0.111047151747415,0.4895377812424733,-0.7681071549282493,0.32720999550184426,0.37267799624996495,-0.5375872022286248,-0.32163223268918384,,,0.016168957125743195,,,,,-0.4273304761558862,,,0.017192537614294217,-0.062023898285722925,,0.37796447300922714,,,1.0,0.21320071635561044,0.2506604280847579,0.23764262456370774,0.2349303628166622,0.23269323007989504,,,,,0.12674485010489564,0.5659636607362643,-0.7787920990816343,0.7559289460184545,0.5,-0.551437235550439,,,,,,,-0.20915693930715604,,,,,-0.4273304761558868,0.41024285816504114,-0.35188508893008186,0.26447955492156655,-0.0002994716714009813,-0.2665907504956792,-0.38807526285316646
rr1,0.21457350597606187,-0.2078090342068056,0.03938555929117345,-0.15719990196279965,-0.1557563838943513,-0.07360943263133807,0.09664289676464359,0.22726728253540682,0.18973251692461068,-0.13753538604937313,0.5870752255018162,0.6227950393889881,0.7892737760710161,0.16094113181471079,0.0758358806966624,-0.16669622339545298,0.3156463645996522,,,0.050874253061560785,,-0.9999999999999999,-0.041677919340707824,-0.031082196789987016,,0.25696067368122444,,0.5068793024557359,,,-0.07571589798745101,-0.10711324221821227,,0.3784713140784979,,,0.21320071635561044,1.0,0.9781585783717168,0.9822731904343347,0.8988047794381099,0.8522700370869286,,,,,-0.08622341872471244,0.20227646317374517,-0.17485794864600593,0.19589991477395016,0.5347593582887701,-0.15272618977731972,0.3433262806932627,0.2843848469958063,-0.1907449098993321,,-0.9989350369715787,,0.09664289676464259,-0.031082196789984806,,0.256960673681224,,0.506879302455736,-0.09855167275985621,-0.1978733604186576,-0.10828302169882716,0.14384804999197154,-0.08745391175803865,-0.02144276990752506
rr3,0.24308646878333542,-0.1658357553235631,0.04432012425894888,-0.15831677005125913,-0.12680936691729078,-0.06003286323948868,0.11953743082313142,0.2359543087964279,0.16242390283184438,-0.11788049929494548,0.49097789132536035,0.5991901246615061,0.8025098069641998,0.13717539905099832,0.022760306496732496,-0.15906138953996332,0.2702197381696151,0.6962865049091813,,0.05045566467832384,,-0.9999999999999999,-0.00956315998046483,0.06346218206618455,,0.03241490037046929,,0.5250185032445662,,,-0.06073648749193229,-0.08945337349448029,,0.4125070762278545,,,0.2506604280847579,0.9781585783717168,1.0,0.998753363478101,0.8924719010150571,0.8396591333462317,,,,,-0.10106750571901763,0.20670538751812106,-0.1637676439568757,0.18168241183887832,0.5725776008555856,-0.11583297042457683,0.32038052282215135,0.18924286478721783,-0.12159415187790927,,-0.9999666268042293,,0.11953743082313047,0.06346218206618658,,0.032414900370469145,,0.5250185032445683,-0.11385020179966601,-0.2181634755145287,-0.09370722761047247,0.11938569411116073,-0.1442091621663652,0.02388074156250117
rr6,0.28220844069378215,-0.2044639189782122,0.0448087590772316,-0.15888089015255846,-0.1265550525558121,-0.05740040012359272,0.12102305813247315,0.25011459895294497,0.17432176573342514,-0.12412842591904528,0.5032312991985873,0.6036322653740676,0.8176707715570495,0.14821331096813253,0.035653452734749125,-0.165037292805567,0.3233506343018354,0.6962865049091813,,0.056963522908602814,,-0.9999999999999999,-0.002252783616152841,0.06559837271400981,-0.041855145844089336,0.026428331064539696,-0.10202591671733115,0.5230116231516523,,,-0.06147460594710058,-0.08876884933245854,,0.4199624970336768,,,0.23764262456370774,0.9822731904343347,0.998753363478101,1.0,0.9052901454595197,0.8534827161854502,,,,,-0.10327922449431323,0.2330032833327667,-0.1695470065434533,0.1786770779004984,0.6661546900950327,-0.12521988934445122,0.3271671582319163,0.22447596606373632,-0.12819052003434378,,-0.999983715918774,,0.12102305813247383,0.06559837271400937,-0.041855145844083584,0.026428331064539463,-0.1020259167173413,0.5230116231516545,-0.20338541417891123,-0.25422473830391384,-0.10853314163874724,0.12511677290970769,-0.1372005397629212,0.015516174863925463
rr12,0.35641960740858825,-0.28107251598948985,0.05612987071614349,-0.17011378027525714,-0.1849342185532487,-0.07331411019462146,0.17227103551025444,0.33373848507429354,0.21333211565785593,-0.14254202081907955,0.5675769593732334,0.6616162871925155,0.8288529938957284,0.16889735067594194,0.06615522386533795,-0.16927360043283002,0.35602387984781997,0.701106403391372,-0.10246310391571194,0.0823332382251089,,-0.9999999999999999,-0.027905098659014336,0.33912883814393024,0.0043322480544020145,0.04065793225258198,-0.1327292974453339,0.5174380611554387,,,-0.07213951651262172,-0.1027376999303119,,0.46839245944174357,,,0.2349303628166622,0.8988047794381099,0.8924719010150571,0.9052901454595197,1.0,0.9681252427722437,,,,,-0.0785436695490078,0.2466790566563716,-0.17725767564783365,0.21787956526348315,0.6531289298590497,-0.13824008784742378,0.33236363723568996,0.2187733122425605,-0.1336243391121652,,-0.9999853060024974,,0.17227103551025477,0.3391288381439291,0.004332248054407732,0.04065793225258141,-0.1327292974453462,0.5174380611554426,-0.2394322910534424,-0.3073609558626926,-0.1475223824050238,0.17007922817014595,-0.16710455978557875,0.000712919726382991
rr24,0.3922059818343033,-0.2879376820593896,0.04195738274327642,-0.13943133505180413,-0.19176932361972868,-0.06557410262573177,0.18892174663051295,0.37058123563215306,0.2346029492190648,-0.08311042153121422,0.5725055988176451,0.6749015838802425,0.8337374462409706,0.18756129654777473,0.06292763083709736,-0.13192102642484158,0.3690991277142222,0.6400589747659231,0.6119097028190998,0.09216943399641979,,-0.9999999999999999,-0.007277541895743712,-0.03905176591168999,0.0013341566693287133,-0.41530049938901265,-0.1435135413330969,0.4817257958853021,,,-0.06661631579848214,-0.0964828353618873,,0.5091699792934542,,,0.23269323007989504,0.8522700370869286,0.8396591333462317,0.8534827161854502,0.9681252427722437,1.0,,,,,-0.09833280145066943,0.21602329495646402,-0.1495718747545141,0.29996379961978165,0.6320342904756533,-0.15352936319880658,0.3421418373915626,0.3231634400339255,-0.1697346359244873,,-0.9999879965910317,,0.18892174663051295,-0.03905176591169196,0.0013341566693346647,-0.4153004993890119,-0.14351354133310937,0.48172579588530656,-0.2968944784748591,-0.24818016459466088,-0.16239446146112038,0.19084694815036338,-0.19623044648638888,-0.01226182565187648
phenspe1,,,,,,,,,,,,,,,,,,,,,,,,,,,,,,,,,,,,,,,,,,,,,,,,,,,,,,,,,,,,,,,,,,,,,,
phenspe2,,,,,,,,,,,,,,,,,,,,,,,,,,,,,,,,,,,,,,,,,,,,,,,,,,,,,,,,,,,,,,,,,,,,,,
phenspe3,,,,,,,,,,,,,,,,,,,,,,,,,,,,,,,,,,,,,,,,,,,,,,,,,,,,,,,,,,,,,,,,,,,,,,
phenspe4,,,,,,,,,,,,,,,,,,,,,,,,,,,,,,,,,,,,,,,,,,,,,,,,,,,,,,,,,,,,,,,,,,,,,,
nnuage1,-0.23780154742873072,0.12727631211698748,0.10054471812685666,-0.24478934569501964,0.08403285512235868,-0.2988249427030283,-0.4104520295347399,-0.18097673419953442,0.4324536035442413,-0.40194329797207995,0.13701928910897537,0.38704977728631396,0.25835065271108165,0.3474670096292299,0.41624067878829674,-0.0244007986408331,0.054968315740875635,0.00955019672461864,0.07934009586606103,0.22741849046918733,,,0.32621375813853215,-0.14261733937727322,,-0.13356654248494662,,-0.2787835564547512,,,-0.2714342773785438,-0.31615567147048873,,0.20715325360223277,,,0.12674485010489564,-0.08622341872471244,-0.10106750571901763,-0.10327922449431323,-0.0785436695490078,-0.09833280145066943,,,,,1.0,-0.1975282753871257,0.015176673200617411,0.4514960753301042,-0.43560684186903215,-0.014989341230446191,-0.31832750166608365,-0.15971914124998499,0.23940968511149055,,-1.0000000000000002,,-0.41045202953474047,-0.14261733937727267,,-0.13356654248494537,,-0.27878355645475267,0.25141748492182897,-0.12347927727755027,-0.17903288243826215,-0.3573321641070864,-0.1072097046067638,-0.3384396188307171
