,numer_sta,pmer,tend,cod_tend,dd,ff,t,td,u,vv,ww,w1,w2,n,nbas,hbas,cl,cm,ch,pres,niv_bar,geop,tend24,tn12,tn24,tx12,tx24,tminsol,sw,tw,raf10,rafper,per,etat_sol,ht_neige,ssfrai,perssfrai,rr1,rr3,rr6,rr12,rr24,phenspe1,phenspe2,phenspe3,phenspe4,nnuage1,ctype1,hnuage1,nnuage2,ctype2,hnuage2,nnuage3,ctype3,hnuage3,nnuage4,ctype4,hnuage4,tc,tn12c,tn24c,tx12c,tx24c,tminsolc,latitude,longitude,altitude,code_epci,code_reg,mois_de_l_annee
numer_sta,1.0,-0.2999047475758102,0.03215804433773922,-0.034779812112811545,-0.20653706302010436,0.18895071043405787,0.3184293767510342,0.35926813512094635,0.0615821697481671,0.05868501513770679,0.03767142723769202,0.0573275260682187,0.054337522913892516,-0.04496913866314116,-0.020453115602836983,-0.10640509047544874,0.13224461495235096,-0.05717150567278228,-0.032657298393372454,0.17437425117968808,,-0.427938756886918,0.0916091723248494,0.17324620713124286,0.055926174784023265,0.095370268091574,0.1478038363971583,0.2087170934284892,,,0.2779985664126988,0.340819052069209,-0.34659968460543705,0.2681760643268209,0.09832899229782423,0.0064067116723559,0.06366586814863365,0.05813829531121079,0.10754609404263905,0.14788581847780083,0.14277360870090272,0.20177680839579928,0.24167854958307558,-0.01982280170901665,-0.25461344344388914,0.2985804671018251,-0.06780915382819672,0.10944715091645091,-0.12268191695391391,-0.11281555505416814,-0.0020147111632252603,0.012182360449123276,-0.06944181089169774,-0.13106845816160007,0.07493958508906635,-0.11143536748264342,0.01740796573421775,0.2438467414210418,0.3184293767510339,0.1732462071312428,0.05592617478402403,0.09537026809157498,0.14780383639715805,0.2087170934284881,-0.8231446046366911,-0.0016321480253046288,-0.3394111593350219,0.13078029358120644,-0.6843892859303844,0.015814094977327428
pmer,-0.2999047475758102,1.0,0.07844247636866897,-0.03402714115624795,0.0049866311092792905,-0.30840745539758413,0.062049631014423554,0.059002430367697534,0.014802891400687298,-0.04904768506742817,-0.1814181044067193,-0.23352438939657857,-0.20376309009989096,-0.12423752270878202,-0.08281079473349542,0.06758133007355932,-0.05446436129334043,-0.08846976747427386,-0.15483384575737014,0.4044168396705683,,,0.26591412870801473,0.10781978385101848,0.06453873190796318,0.13703166371291672,0.02761923915463862,-0.12702550077826957,,,-0.44743752304699835,-0.3977864667362364,0.3254738310459487,-0.09785971297114796,0.008116165270757196,-0.02079922883480331,0.01865717093709339,-0.09990680246372188,-0.1566444955266701,-0.16060688093277664,-0.20534811351836796,-0.22669223287608498,-0.22780594693935274,0.08276562035959018,0.1856483808072194,-0.16576325032303804,0.01827341529305774,-0.05149755085038684,0.09624320964468366,0.015478036400499924,-0.055723150845042514,0.04921052453866786,0.0019667035848318455,-0.07962573195680993,0.027879327406223432,0.2159575266720945,-0.32963573885527647,0.40917645306238737,0.062049631014424025,0.10781978385101913,0.06453873190796239,0.13703166371291728,0.027619239154639676,-0.1270255007782709,0.36792159745158337,-0.2416627252735958,0.1219528484868027,-0.007775057251005684,0.09003392199648848,0.03985322900158039
tend,0.03215804433773922,0.07844247636866897,1.0,-0.6754234507134942,0.10611718498474765,-0.059372836441053074,-0.07248697934592549,-0.020642355403953715,0.0891596823307463,0.00678942585051072,-0.0630774830248914,0.04056947063240037,0.037887016726985266,-0.00681229194883544,0.04054878126630574,-0.07497942281286198,0.05650657678817047,0.009264929853723812,-0.012303992044836343,0.03676570854462867,,-0.003220781953248896,0.43107768417718645,0.07673827611377197,0.10785736499243058,-0.011831929246251474,0.02615588887800748,0.02047370862819315,,,-0.1044414399186812,-0.03701808479325733,0.029335644800191813,0.02097309942865948,0.006181538606621557,-0.06234188466775802,0.035356133210188045,-0.0567122232356494,-0.05798716384381374,-0.012502791901114639,0.029836968021006837,0.07247851593648781,-0.01153558545717616,0.008470454534164068,-0.005000076145830104,0.07954731100006211,-0.018945188505260006,0.0663034181271534,-0.08806521428330566,-0.04538551625937176,0.1523836783778103,-0.12983961639551378,-0.04388712418859993,0.08032170846279958,-0.05455782311707059,0.02020300247057796,-0.12492069821597988,-0.022169762952943588,-0.0724869793459266,0.07673827611377274,0.10785736499243205,-0.01183192924625222,0.026155888878007374,0.02047370862819294,-0.011430274497445062,-0.029057809633943475,-0.007166358008179171,0.012494965068025589,-0.023948345348885562,-0.008005168218384347
cod_tend,-0.034779812112811545,-0.03402714115624795,-0.6754234507134942,1.0,-0.07633833248654091,0.024914641755753086,0.07451819428402823,0.018293633582835905,-0.09910717285227179,0.004908192795506187,0.01965489045914886,-0.05275382852864143,-0.04282206380033089,-0.014900938960007517,-0.02955658586021267,0.07553280694241031,-0.060251845810552894,-0.021015625041777453,-0.011115380615462954,-0.022212114329112617,,0.06625710269663482,-0.30378466846396607,-0.046522596763920565,0.4773081029096389,0.013262692067513083,0.10583356247909623,-0.014596399402017566,,,0.051152386033722456,0.021126967393882645,-0.016253237241157143,-0.027531855863344248,-0.0014996498912050818,0.0107454810395024,-0.08663395127221478,0.02224489421769667,0.012750148507229374,-0.00867408934887585,-0.023578080016750103,-0.05675118098531713,0.0010152079062214023,-0.00014461401405050826,0.0028281024549089606,-0.08505489355405524,0.019144016467604323,-0.05090381591185994,0.08053614878733698,0.03481844041226386,-0.1088074862510462,0.08923703688212965,0.0803270612097878,-0.022620844648863814,0.005473069423432084,-0.09712036908794168,0.1333828317290464,0.03891740909635347,0.07451819428402745,-0.04652259676392111,0.47730810290963943,0.013262692067513175,0.10583356247909631,-0.014596399402018062,0.008567022732426263,0.03539606531771275,0.014166552673167755,-0.0007182312667062181,0.02445482648472623,0.021913089608213053
dd,-0.20653706302010436,0.0049866311092792905,0.10611718498474765,-0.07633833248654091,1.0,0.15732776540376636,-0.1156926700999024,-0.13187591926556308,-0.039356335717612066,0.05111451432917273,0.02051648352054707,0.059976129727704386,0.058266681943143314,0.1023648937703766,0.09904436070700759,-0.08632189466493757,0.024774852520752812,0.07044808042857004,0.04903486729226328,-0.044279973211287876,,-0.025656921242967375,0.09615334785007171,-0.0008972317387858541,-0.31811696558575364,-0.022078304844390117,-0.31372505913299986,0.022247413142676743,,,0.12326598116072914,0.14261752340068132,0.029738309625962186,0.0008847607406237038,-0.022566374178003817,-0.01321400668998372,-0.005973893798208008,0.005116608967980852,-0.011005692869766805,-0.03608680388203403,0.004408508214381033,0.0033499233694088667,0.03629515590098937,-0.050067039726004285,-0.06363779524637868,-0.1716710418375309,0.012615565513832864,0.05533805451588878,-0.09284282713470864,0.04457993073655836,0.07664838244951272,-0.0994971184709425,0.028493295334883446,0.034290310996371004,-0.06526968886763589,-0.00842163897000716,0.025232756173912976,-0.04566623606511495,-0.1156926700999023,-0.0008972317387844434,-0.3181169655857548,-0.022078304844389444,-0.3137250591329998,0.022247413142676687,0.09115628934261641,0.12510552305411252,0.06250465696029571,-0.05720988023777654,0.1829955013645229,-0.014695391396740113
ff,0.18895071043405787,-0.30840745539758413,-0.059372836441053074,0.024914641755753086,0.15732776540376636,1.0,-0.11844195031997341,-0.1828141299657333,-0.17492201256624396,0.011551336830027684,0.13053698066794153,0.14028330432951897,0.14010870820901195,0.031229168119432337,0.1026163795419225,-0.07793105285467433,0.019132819054409906,0.04722842491198327,0.0661580318168907,0.016511948867113227,,0.013039254799586614,-0.003639665204089056,-0.08905799926714887,-0.23499347253542519,-0.1728828293203952,-0.42964791556654414,-0.08253721208919215,,,0.9828973409235859,0.9345969079944386,-0.3311247027067218,0.14379764210317336,0.024621752812555783,-0.012113217198128249,0.016146079289347477,0.06395557768190001,0.06303981885503214,0.03129168576016544,0.06119438695179316,0.03174366032380556,0.4047329195326007,-0.2740428217499978,-0.6119308193644085,-0.1092733092992568,0.046946963999385714,0.08649819297946319,-0.13084844674787194,-0.03994075812633411,0.11575009183473654,-0.10217980526448103,-0.045886876037737244,0.08819941974154048,-0.061056221178153534,0.08679945921589897,0.04937542496599197,0.05611656346199019,-0.11844195031997398,-0.08905799926714883,-0.23499347253542524,-0.17288282932039464,-0.4296479155665435,-0.08253721208919312,-0.3074348790457666,0.2721097402115956,-0.1473752719626342,-0.0628785479473904,-0.008130673731659124,-0.03250447278391499
t,0.3184293767510342,0.062049631014423554,-0.07248697934592549,0.07451819428402823,-0.1156926700999024,-0.11844195031997341,1.0,0.8996751621399561,-0.23138597601145036,0.24716623222708872,-0.166868987213999,-0.12041278521018135,-0.11167656647967474,-0.18385648581862074,-0.22273378019681506,0.016837549677564352,-0.10800671650175805,-0.2775393626337689,-0.2904173363155299,0.22982098829568015,,-0.09302286863701494,-0.10469175592621902,0.9405508419392961,0.9381363814436532,0.9591859438853881,0.9096509017706033,0.8455938955990575,,,-0.18596295300677612,-0.13610209854693642,0.2688432892836999,-0.4208941711926477,-0.061341767080375954,-0.0511048392712776,-0.03979993759423866,0.009450466653459015,0.025804882032409677,0.05294060373756234,0.04151528512660646,0.08986774713193167,-0.1873608091416015,0.034513565905179885,0.009566183586440302,-0.1919992688526933,-0.2687939255619201,0.1114809196707405,0.027194511684450053,-0.23891874440082536,-0.11760964649493873,0.19620438347514002,-0.24623460806151343,-0.07115623674538815,0.18034951356964987,-0.19278228767651232,-0.1668153294402573,0.19965998202664514,0.9999999999999987,0.9405508419392962,0.9381363814436539,0.959185943885389,0.9096509017706033,0.8455938955990588,-0.11821030322908391,-0.3307691238657349,-0.2339698753903402,0.06920133923444882,-0.3388014865869447,0.11223683675425257
td,0.35926813512094635,0.059002430367697534,-0.020642355403953715,0.018293633582835905,-0.13187591926556308,-0.1828141299657333,0.8996751621399561,1.0,0.19140225013338055,0.0651056476475444,-0.0347399123541162,0.0376123533758144,0.029157096652566057,0.008872579947378292,-0.03346920462396507,-0.13420215464518612,0.04716594254144026,-0.11629511253934188,-0.11862412291259214,0.2633803671203453,,0.07109469865327736,-0.11013864245503711,0.9303619103947421,0.9526716688371732,0.881327206198866,0.9283850574222453,0.8576835093027494,,,-0.2907428508149754,-0.22888046918811245,0.29804847627445835,-0.3699772301074695,-0.06320902027853242,-0.04139767845088153,-0.04828487138568252,0.0690008857092268,0.10909047534426096,0.1475985311631701,0.14080419579853776,0.18236111966618743,-0.20887070220952844,0.052378005975022464,0.014261889266715306,-0.21781985795380246,-0.14298217527274276,0.1703345315387366,-0.1213617254213663,-0.1551142166111453,0.036052420750730126,0.02686886091484754,-0.17953108459892256,0.07003906094529987,0.028592184521809127,-0.11661947792356898,-0.029920926771179406,0.1538246423420524,0.8996751621399607,0.930361910394743,0.9526716688371732,0.8813272061988665,0.9283850574222451,0.8576835093027477,-0.12201979158668295,-0.39459232777018427,-0.26595054702412424,0.10901369225000908,-0.46909883639147953,0.12316053066379783
u,0.0615821697481671,0.014802891400687298,0.0891596823307463,-0.09910717285227179,-0.039356335717612066,-0.17492201256624396,-0.23138597601145036,0.19140225013338055,1.0,-0.427324744338966,0.31287085029100364,0.357490184140908,0.3256917904118251,0.42507680360121197,0.4128367654759437,-0.31778661084783566,0.35586237176625474,0.39456951346820063,0.41008071448238403,0.058144353086652285,,0.25713424909316096,-0.020511107642374248,-0.05493259058276367,-0.08299378759539312,-0.18876736174947586,-0.09942814410029474,-0.1140880164144867,,,-0.22311834016389426,-0.18635964035178024,0.044462387627260125,0.20622054955897154,0.00810378774027477,0.0355762860479827,-0.001293434698410479,0.12498951055740357,0.1767617224860488,0.20340181209980454,0.21182766796250715,0.20063109554108852,-0.029776748151441854,0.024563642098522655,0.011534565316275912,0.0011360510817835017,0.29884573805320686,0.10293641393965444,-0.30212950395504923,0.2165121220537847,0.3200768172568245,-0.363673371993177,0.19177795026507338,0.3368855091388831,-0.38034050348514303,0.21146595673249569,0.37719681147658046,-0.167388685591534,-0.2313859760114512,-0.0549325905827637,-0.08299378759539305,-0.1887673617494765,-0.09942814410029674,-0.11408801641448801,0.02331435261925241,-0.16162316632495388,-0.054995854173646774,0.07709841217357107,-0.21262437422956307,0.029755181692187428
vv,0.05868501513770679,-0.04904768506742817,0.00678942585051072,0.004908192795506187,0.05111451432917273,0.011551336830027684,0.24716623222708872,0.0651056476475444,-0.427324744338966,1.0,-0.3525205491411881,-0.28908127399308525,-0.2648034722027814,-0.16900048058323275,-0.27551273933770104,0.19112626247297324,-0.31495397102537903,-0.34697191865785,-0.33494901527856286,0.0413270947178285,,0.10189219688546444,0.011112056374762992,0.14432160023039167,0.37565755691275116,0.24292538302174754,0.47532300461446503,0.19944929439160633,,,-0.004485773730431669,0.03656529452789118,0.011926882126143842,-0.2057736350208478,-0.02528982167547283,-0.03631678475112544,-0.00999755889197191,-0.11463444048045848,-0.11440447591779507,-0.10579748914107276,-0.07760907892845087,-0.045134442993597285,-0.005877153558874922,0.014788100745817653,0.10188919011072689,0.2669480849884406,-0.17238071596466406,-0.11747587342251156,0.23251619026939713,-0.061519635344710354,-0.2680178147102867,0.21791260341433977,0.05320404962317168,-0.17193015436910697,0.14766109890960635,-0.1447161806964431,-0.05944296302214423,0.12706634565583075,0.2471662322270886,0.1443216002303906,0.3756575569127515,0.24292538302174765,0.4753230046144636,0.1994492943916061,-0.04821894899059858,-0.03691116219271223,-0.0583847748901055,0.039524227047921,0.08085402063801278,0.03090079551547401
ww,0.03767142723769202,-0.1814181044067193,-0.0630774830248914,0.01965489045914886,0.02051648352054707,0.13053698066794153,-0.166868987213999,-0.0347399123541162,0.31287085029100364,-0.3525205491411881,1.0,0.6414214021687163,0.6028131218415558,0.2644627993659787,0.3306266069467535,-0.19910961060903826,0.35977889539806707,0.4265702854818425,0.4300179768980351,-0.05208600592053361,,0.06053649015764883,-0.11626940048770622,-0.11079568915656024,-0.16482067936108818,-0.17540164057803406,-0.3141706322761274,-0.06634208038989194,,,0.16094178099343542,0.1597404186076573,-0.08772038787696777,0.2731737446938145,0.01868800748135262,0.08757762652399576,0.04449779040719334,0.3380597797320118,0.38785730897934556,0.3625871470367155,0.31342449477207185,0.24239114177893162,0.05148559784408479,-0.043048406496363996,-0.06190627882666475,0.14675961471078763,0.11770279920197824,0.13490000850058992,-0.210577345307973,0.11572839274609131,0.3097076547438457,-0.27372829965025697,0.08596869733988799,0.39815942773939217,-0.31062661404938324,-0.10405949713769101,0.4210532979137375,-0.5447095013597806,-0.1668689872139991,-0.11079568915656002,-0.164820679361088,-0.17540164057803406,-0.31417063227612657,-0.0663420803898922,-0.03710542610968757,0.023699317360611757,-0.015296173100718085,0.0043930160319865606,-0.04059503660628299,-0.012695730527848828
w1,0.0573275260682187,-0.23352438939657857,0.04056947063240037,-0.05275382852864143,0.059976129727704386,0.14028330432951897,-0.12041278521018135,0.0376123533758144,0.357490184140908,-0.28908127399308525,0.6414214021687163,1.0,0.8567193404207818,0.4433472842295663,0.43948957359708596,-0.2583053655918349,0.3303589467618714,0.35592221369110827,0.3992795736654971,-0.16735771134289837,,-0.6603485792450368,-0.12261757392131195,-0.00855687297231385,0.26309389211237144,-0.06911651921715317,0.19016684715297114,-0.04212683716025168,,,0.2266596022502111,0.1968149593890628,-0.05632673318373327,0.28270174261919323,0.11373938248485477,0.05660696901320409,0.015067122391410174,0.23731994891351502,0.34883655595353896,0.37917072788931566,0.3559759053002525,0.28558620998182044,0.05992952003977507,-0.08998383615724005,-0.06434079110998603,0.0016287562864137413,0.19452022883503733,0.19281479962929998,-0.2674606534090605,0.11896553400143495,0.38058345919251174,-0.3612326935257944,0.21063731720093298,0.40217432069596737,-0.4158816607770708,-0.08330745060663586,0.6179974310957717,-0.7085610517896319,-0.12041278521018035,-0.008556872972314084,0.2630938921123723,-0.06911651921715384,0.19016684715298343,-0.042126837160251916,-0.01541517876305699,-0.052008270414330066,0.022120982560513036,-0.0076722427710259455,-0.12382396499786444,-0.004294993155118287
w2,0.054337522913892516,-0.20376309009989096,0.037887016726985266,-0.04282206380033089,0.058266681943143314,0.14010870820901195,-0.11167656647967474,0.029157096652566057,0.3256917904118251,-0.2648034722027814,0.6028131218415558,0.8567193404207818,1.0,0.4041383413712085,0.4008862811698871,-0.2265929426058076,0.31183301916865674,0.30650201761334134,0.32008064529499813,-0.12615294068781477,,-0.5124360088693821,-0.09258262810664827,0.00032673347027920144,0.25783932265016285,-0.043448930952948384,0.1901668471529712,-0.052805836826641514,,,0.18828361396884316,0.19520048371661972,-0.0403950246669058,0.26917089056369653,0.12326148333171906,0.08227248700091179,0.03650510350562159,0.2582953760783272,0.3935212998177322,0.40266677872269424,0.34908680553155413,0.26344410394557644,0.05918859988723942,-0.06542767937572251,-0.038517559244641696,0.2440290856508061,0.17922920297323644,0.17677031202555807,-0.23502837291649095,0.07316404573188257,0.35577389748699456,-0.32550766878905374,0.11897915460161175,0.36162844782751835,-0.39382632066993584,-0.09659343226456486,0.5920136472403217,-0.6574580085395711,-0.1116765664796742,0.00032673347027722114,0.2578393226501637,-0.04344893095294796,0.19016684715298351,-0.05280583682663973,0.004732800946126576,-0.08339315079540643,0.003293252673635514,0.0004306372698708567,-0.10998943311815061,-0.005340111330201665
n,-0.04496913866314116,-0.12423752270878202,-0.00681229194883544,-0.014900938960007517,0.1023648937703766,0.031229168119432337,-0.18385648581862074,0.008872579947378292,0.42507680360121197,-0.16900048058323275,0.2644627993659787,0.4433472842295663,0.4041383413712085,1.0,0.7683451409238174,-0.3638298962138254,0.3929593648594217,0.565963679174647,0.6492151520149895,-0.18442469854698915,,-0.4028824694441311,-0.0752290381821847,-0.04272992543096527,-0.40913686809631583,-0.1563357210062422,-0.4835851166878829,0.05522529272058969,,,-0.02063924140075516,0.060998539188438554,-0.016949261321165397,0.129966249296032,0.011795761434123857,0.028562236535535142,0.010623405185147957,0.10674559250892103,0.15128000209409245,0.1584790622431872,0.16569765484564114,0.15974994913358984,0.04075324948895099,-0.020331259021028385,-0.03882691933884816,0.16722508634385672,0.5380078827109639,0.15882646409084236,-0.34318010592159703,0.6163979833834473,0.29516888909843975,-0.39640007871387484,0.698746446771445,0.2625525156014083,-0.36921435775755346,0.45950390158808074,0.4705418272251505,-0.3557738364497178,-0.1838564858186198,-0.04272992543096548,-0.40913686809631555,-0.15633572100624207,-0.4835851166878841,0.055225292720590353,0.09935960461205909,-0.09934393950042571,0.14610819713752823,0.051716492175487495,-0.11257114447207965,-0.011635508861390817
nbas,-0.020453115602836983,-0.08281079473349542,0.04054878126630574,-0.02955658586021267,0.09904436070700759,0.1026163795419225,-0.22273378019681506,-0.03346920462396507,0.4128367654759437,-0.27551273933770104,0.3306266069467535,0.43948957359708596,0.4008862811698871,0.7683451409238174,1.0,-0.4379858212745498,0.5122075016083443,0.6981245918304251,0.6944410103766024,-0.08351580234063113,,-0.050969235183725294,-0.024497713120077466,-0.1215704476652284,-0.44907487139173013,-0.2922328249253683,0.09671836457180041,-0.019974254459432534,,,0.10796552935177842,0.11783627128810861,-0.03528331084543796,0.22851575889118272,0.00135911250756068,0.04031716185686821,0.0060358399296327695,0.11333997676161083,0.16373735649047047,0.16356435995703605,0.17084139796232573,0.1599916332030545,0.06040258927737377,-0.013786863228618704,-0.03879282166082684,0.04683431878985786,0.6394194961139524,0.2714522440669536,-0.4470814213025998,0.4351671465600166,0.6081560450033915,-0.5524761805512803,0.300529791079053,0.5692090503202565,-0.5692198670491673,0.030424877312205247,0.417442891528021,-0.723897001526945,-0.22273378019681514,-0.12157044766522758,-0.44907487139173097,-0.29223282492536773,0.09671836457178316,-0.01997425445943327,0.04829766415216335,-0.045847296763379425,0.047656110802287016,0.032820156244590414,-0.09997935776680732,-0.03740579808647168
hbas,-0.10640509047544874,0.06758133007355932,-0.07497942281286198,0.07553280694241031,-0.08632189466493757,-0.07793105285467433,0.016837549677564352,-0.13420215464518612,-0.31778661084783566,0.19112626247297324,-0.19910961060903826,-0.2583053655918349,-0.2265929426058076,-0.3638298962138254,-0.4379858212745498,1.0,-0.6061718732951051,-0.2959826129839821,-0.2818055673267936,0.031950240061500525,,-0.22954865567765081,-0.03550047557955123,-0.09065099149436241,0.15701834393929137,0.06653264906125456,0.01437870813266277,-0.04044706045388986,,,-0.08706050810582767,-0.09345578858540199,-0.03364032876986985,-0.18105288862239566,-0.05409014383530005,-0.021074114378536603,0.012132700993386003,-0.07884254122023553,-0.11550089493561022,-0.1299005220151256,-0.15009429061492355,-0.1586164078102771,-0.012009239896334185,0.017866705365497424,0.06729332302689114,-0.08766171459717242,-0.07056311337693955,-0.8368490886137983,0.9849789337242388,-0.007811016110116853,-0.49180378854841705,0.5306079244895283,0.0383528567136359,-0.28279528719562363,0.3671686306020444,-0.06655006814706103,-0.10425831355308605,0.14766560866395,0.01683754967756406,-0.0906509914943624,0.1570183439392921,0.06653264906125435,0.01437870813266281,-0.04044706045388994,0.052117625433565566,0.07333817509868432,0.021276587170240002,0.040660794484487936,0.12459936209323323,0.003219659768555685
cl,0.13224461495235096,-0.05446436129334043,0.05650657678817047,-0.060251845810552894,0.024774852520752812,0.019132819054409906,-0.10800671650175805,0.04716594254144026,0.35586237176625474,-0.31495397102537903,0.35977889539806707,0.3303589467618714,0.31183301916865674,0.3929593648594217,0.5122075016083443,-0.6061718732951051,1.0,0.4280714900270102,0.39367072455961016,-0.02826272337653022,,-0.08595859762746222,0.024111697189001465,-0.021149958546940965,-0.17552451172896463,-0.10759030585946477,-0.8729313068159631,0.003240267633194337,,,0.15599050086632069,0.03444612408316166,-0.022780813682415735,0.1296647868041767,0.040532633263536615,0.01747681011140375,0.0010750955469930367,0.06394448800254694,0.08653427573305007,0.11623499285539178,0.12340025947370574,0.13353889473933853,-0.013364341268115339,0.021142829154623857,0.007881269220013533,0.14405507010019442,0.09688509405638714,0.6754776138515272,-0.6255239025954367,-0.0027325313621691487,0.6022702478572178,-0.5605061066991444,-0.08141102479978507,0.3964673122052444,-0.35822987771094317,0.1508879571923981,0.15957756109762672,-0.20954916376547106,-0.10800671650175867,-0.02114995854694049,-0.1755245117289653,-0.10759030585946526,-0.8729313068159604,0.0032402676331941037,-0.06824930750196752,-0.02667519404943126,-0.015822006461900795,0.03691260048176678,-0.13779871728574006,0.0010236930902337161
cm,-0.05717150567278228,-0.08846976747427386,0.009264929853723812,-0.021015625041777453,0.07044808042857004,0.04722842491198327,-0.2775393626337689,-0.11629511253934188,0.39456951346820063,-0.34697191865785,0.4265702854818425,0.35592221369110827,0.30650201761334134,0.565963679174647,0.6981245918304251,-0.2959826129839821,0.4280714900270102,1.0,0.8370506069398294,-0.1294759922240477,,-0.38724338328534,0.1121116247723712,-0.14445157353386018,-0.36953253357714577,-0.23515464143288245,-0.9293258811506979,-0.05819836687703059,,,0.3805291882188699,0.04425829135317878,-0.06614990308934149,0.3825187050805342,0.20973461036608665,0.046964335629333644,0.004597225706646851,0.11138249572571271,0.1515804524012808,0.15900973636405188,0.1793010733398488,0.13292820858234028,0.01938756688328872,0.03139024506476461,0.08637493085420499,0.2838357454404121,0.48267744295686466,0.18531886866825142,-0.3073519868752749,0.4182746076617853,0.42710343504537823,-0.45051973796895395,0.19324771192896045,0.5769549961450886,-0.5179300650218208,0.2616209513392165,0.36152443768812065,-0.43225149769053073,-0.27753936263376805,-0.1444515735338603,-0.36953253357714705,-0.2351546414328838,-0.929325881150696,-0.05819836687703009,0.06589669498018207,-0.015313601018958248,0.11234697808386168,0.03505650345930969,-0.03390796350563697,-0.019752748497326906
ch,-0.032657298393372454,-0.15483384575737014,-0.012303992044836343,-0.011115380615462954,0.04903486729226328,0.0661580318168907,-0.2904173363155299,-0.11862412291259214,0.41008071448238403,-0.33494901527856286,0.4300179768980351,0.3992795736654971,0.32008064529499813,0.6492151520149895,0.6944410103766024,-0.2818055673267936,0.39367072455961016,0.8370506069398294,1.0,-0.14249113803172164,,-0.37134909902234137,0.14595552476868856,-0.16411823418206245,-0.5814413649726274,-0.276851958318457,-0.9303982408710507,-0.06275855902994941,,,0.50709889891754,0.07940590203446096,-0.10433376531139033,0.38745582253833943,0.2387186669828763,0.04011487769815361,0.003720177313101075,0.14010995332976434,0.18239275203424143,0.19742364574496205,0.18085426906208216,0.15090234273624256,0.0449928599860829,0.009242312774026824,0.05018896341322635,0.15937213552443502,0.47240648874732644,0.1641151850135271,-0.29470335368118517,0.4768574220547039,0.42175961069040996,-0.47099705823192506,0.3697893882094828,0.5818070447703501,-0.634915695397993,0.5020208344229549,0.3391655752229182,-0.5852636135548205,-0.2904173363155294,-0.1641182341820646,-0.5814413649726292,-0.27685195831845627,-0.9303982408710487,-0.0627585590299482,0.03526950627764167,0.01992988441097035,0.0827181162151329,0.02482006021930295,-0.02162664414401202,-0.005129236056195663
pres,0.17437425117968808,0.4044168396705683,0.03676570854462867,-0.022212114329112617,-0.044279973211287876,0.016511948867113227,0.22982098829568015,0.2633803671203453,0.058144353086652285,0.0413270947178285,-0.05208600592053361,-0.16735771134289837,-0.12615294068781477,-0.18442469854698915,-0.08351580234063113,0.031950240061500525,-0.02826272337653022,-0.1294759922240477,-0.14249113803172164,1.0,,0.07039277014483618,0.13791324866483204,0.24677612446836225,-0.027826920679801855,0.1594057457444259,-0.08680534723023078,0.15186145850622482,,,-0.05530608409880685,-0.02409037743224947,0.07843196527056162,-0.1151316479963997,0.005677745092883693,-0.029399944462943323,0.020333906259015478,-0.020063585481215673,-0.030748273751506405,-0.03814551301195004,-0.04718744709261188,-0.034692455143462586,-0.06475045262347806,0.025131024471582785,0.06325977869336934,-0.1588419846401358,-0.050783303287967076,0.0018988067233896549,0.026736377884232467,-0.1244633959881287,-0.07091848130723467,0.0895214377981132,-0.194129597946611,-0.12821537580045445,0.12286472742234517,-0.04172696823382679,-0.2835630677816046,0.45994066441751646,0.2298209882956803,0.24677612446836275,-0.0278269206798011,0.15940574574442584,-0.0868053472302316,0.1518614585062249,-0.07205188398162365,-0.13459011469731394,-0.913515657675941,0.08385353346198915,-0.2974932710811905,0.031677911983496676
niv_bar,,,,,,,,,,,,,,,,,,,,,,,,,,,,,,,,,,,,,,,,,,,,,,,,,,,,,,,,,,,,,,,,,,,,,,
geop,-0.427938756886918,,-0.003220781953248896,0.06625710269663482,-0.025656921242967375,0.013039254799586614,-0.09302286863701494,0.07109469865327736,0.25713424909316096,0.10189219688546444,0.06053649015764883,-0.6603485792450368,-0.5124360088693821,-0.4028824694441311,-0.050969235183725294,-0.22954865567765081,-0.08595859762746222,-0.38724338328534,-0.37134909902234137,0.07039277014483618,,1.0,-0.0643844535580757,-0.1164104764208664,,-0.27077442867808005,,-0.11570981716864309,,,0.5376363609642828,0.012978303685196738,,0.4686224206414923,-0.05742644819712591,,0.2915447338062764,0.09048769572294865,0.06322447715844093,0.05022112766198493,-0.026834458274470858,-0.041628010367530735,-0.14596679824997688,0.133458650163572,0.5842291746243691,,-0.3566729470875726,0.08906041199955626,-0.05710481539097001,-0.22114777896920995,-0.6397768019094133,0.5275299329741048,0.5821168813553955,,-0.00021933446551077442,,,,-0.09302286863701358,-0.11641047642086735,,-0.2707744286780783,,-0.11570981716864208,0.42793875688691874,-0.42793875688691724,-0.4279387568869176,0.4279387568871734,-0.42793875688691807,0.027696832855460946
tend24,0.0916091723248494,0.26591412870801473,0.43107768417718645,-0.30378466846396607,0.09615334785007171,-0.003639665204089056,-0.10469175592621902,-0.11013864245503711,-0.020511107642374248,0.011112056374762992,-0.11626940048770622,-0.12261757392131195,-0.09258262810664827,-0.0752290381821847,-0.024497713120077466,-0.03550047557955123,0.024111697189001465,0.1121116247723712,0.14595552476868856,0.13791324866483204,,-0.0643844535580757,1.0,-0.056564117890929855,0.05322780102027346,-0.13634828262623472,0.001602060058669125,-0.042122716269123915,,,-0.11896973048577425,-0.030404645707530972,-0.09383728015253091,0.03118851245613583,0.006223016850601348,0.09569879861858599,0.033803682640200415,-0.08951916090537547,-0.11890476561455016,-0.10877281218905437,-0.10303677175072964,-0.014410580004833211,0.30466475639080703,0.316345863552608,0.133304784057182,,-0.04373214368594847,0.10136509207622824,-0.03913074879062034,-0.04971635263364201,0.025486494724501377,-0.002118397106311959,-0.0821097832945001,-0.21480420636047012,0.12499644732668302,0.27379883951542056,-0.21106480148122572,0.12727929769878252,-0.10469175592621853,-0.056564117890930445,0.05322780102027096,-0.1363482826262347,0.001602060058671892,-0.04212271626912469,-0.15893164859656742,0.09099275688427406,-0.043074616698390675,0.03455741278786023,-0.026980617155023392,0.021445665304461344
tn12,0.17324620713124286,0.10781978385101848,0.07673827611377197,-0.046522596763920565,-0.0008972317387858541,-0.08905799926714887,0.9405508419392961,0.9303619103947421,-0.05493259058276367,0.14432160023039167,-0.11079568915656024,-0.00855687297231385,0.00032673347027920144,-0.04272992543096527,-0.1215704476652284,-0.09065099149436241,-0.021149958546940965,-0.14445157353386018,-0.16411823418206245,0.24677612446836225,,-0.1164104764208664,-0.056564117890929855,1.0,,0.8996455099640551,0.7105196120005874,0.9395503708364225,,,-0.13252777377825287,-0.13383227734747014,0.3422219049203591,-0.3884087293682472,-0.015434603205174141,-0.0732415607511586,-0.022038673283409367,0.07789076363745726,0.07087052371799384,0.10629342091501279,0.07834484159665492,0.12762908431734188,-0.19046218837386705,-0.0060658370930384035,-0.0951045451789176,-0.4600699584313952,-0.1935722489791835,0.12415165986695761,-0.09106947440526321,-0.15098355392363985,-0.04683479586685905,0.08848637525224226,-0.14900342860674987,0.06475224623400325,0.03582688805062549,-0.033590349390823226,0.06227798705526896,0.16423220915956632,0.9405508419392956,0.9999999999999996,,0.8996455099640549,0.7105196120005871,0.9395503708364227,0.035746937377384186,-0.4112438629816748,-0.23332693900339763,0.09492467878081391,-0.23241112894045826,0.13815553166036051
tn24,0.055926174784023265,0.06453873190796318,0.10785736499243058,0.4773081029096389,-0.31811696558575364,-0.23499347253542519,0.9381363814436532,0.9526716688371732,-0.08299378759539312,0.37565755691275116,-0.16482067936108818,0.26309389211237144,0.25783932265016285,-0.40913686809631583,-0.44907487139173013,0.15701834393929137,-0.17552451172896463,-0.36953253357714577,-0.5814413649726274,-0.027826920679801855,,,0.05322780102027346,,1.0,0.9883273867839599,0.9055094293291601,0.5187364475823517,,,-0.9693954731459767,-0.44527566183312495,,-0.5233781535963753,-0.3494264095545852,,,0.034488261698492215,0.03142801344444352,-0.022208413429216534,0.06968319061616111,0.035187323496600774,-0.2340901002880438,0.2233951157062154,0.2861280238723772,,-0.30954836462976043,0.760654704782819,0.2208153607391334,-0.47288719283359426,0.08695802731801691,0.1523761742169449,-0.4999999999999999,,-0.5,,,,0.9381363814436532,,0.9999999999999998,0.98832738678396,0.9055094293291599,0.5187364475823512,-0.6445387444721136,0.20113775223644387,-0.045689413838507366,-0.36780641152981974,-0.21355690531695012,0.05246381387650599
tx12,0.095370268091574,0.13703166371291672,-0.011831929246251474,0.013262692067513083,-0.022078304844390117,-0.1728828293203952,0.9591859438853881,0.881327206198866,-0.18876736174947586,0.24292538302174754,-0.17540164057803406,-0.06911651921715317,-0.043448930952948384,-0.1563357210062422,-0.2922328249253683,0.06653264906125456,-0.10759030585946477,-0.23515464143288245,-0.276851958318457,0.1594057457444259,,-0.27077442867808005,-0.13634828262623472,0.8996455099640551,0.9883273867839599,1.0,,0.8447994185720411,,,-0.23112130081560592,-0.2205671676967545,0.34695034762587557,-0.4739016835066387,-0.032403796016715725,-0.07846698634918325,-0.009835460801850222,0.046608155040557174,0.05588512370312885,0.14341134015558216,-0.027678498638945094,0.00530412052726721,-0.19629853284267593,0.03279537294386657,0.04809212111595423,-0.40252861525796124,-0.25816568157852976,0.03689774119832367,0.07780323065781897,-0.18967672481849993,-0.1284006833974888,0.2220093598937535,-0.16049926679752144,0.00693712992641416,0.18259414479395178,-0.18223694402218438,0.03327175849048208,0.09920169784476918,0.9591859438853881,0.8996455099640552,0.9883273867839603,1.0000000000000009,,0.8447994185720394,0.08014831092314957,-0.39303654766679436,-0.132778271897672,0.07833712919955416,-0.17298845819391348,0.12029889607503189
tx24,0.1478038363971583,0.02761923915463862,0.02615588887800748,0.10583356247909623,-0.31372505913299986,-0.42964791556654414,0.9096509017706033,0.9283850574222453,-0.09942814410029474,0.47532300461446503,-0.3141706322761274,0.19016684715297114,0.1901668471529712,-0.4835851166878829,0.09671836457180041,0.01437870813266277,-0.8729313068159631,-0.9293258811506979,-0.9303982408710507,-0.08680534723023078,,,0.001602060058669125,0.7105196120005874,0.9055094293291601,,1.0,0.46423504268980004,,,-0.8715208590052418,-0.5077487682303964,,0.10020799972998765,,,,0.005324980557399115,-0.006447527267818882,-0.039285342206946273,0.022259325032150314,0.02785916451343435,-0.32574071793533804,0.314343941115495,1.0,,0.1871821721345508,,0.053485393191211615,0.28431334372489253,-0.27921242185096273,-0.04021111327678294,0.12681242657034114,-0.8808122718846514,-0.12157556678691188,,,,0.9096509017706034,0.7105196120005878,0.9055094293291602,,0.9999999999999997,0.46423504268979904,-0.5394970838812617,0.08222132214241647,0.039910295165153806,0.4565938134023576,0.4640048171457928,0.1459742634990092
tminsol,0.2087170934284892,-0.12702550077826957,0.02047370862819315,-0.014596399402017566,0.022247413142676743,-0.08253721208919215,0.8455938955990575,0.8576835093027494,-0.1140880164144867,0.19944929439160633,-0.06634208038989194,-0.04212683716025168,-0.052805836826641514,0.05522529272058969,-0.019974254459432534,-0.04044706045388986,0.003240267633194337,-0.05819836687703059,-0.06275855902994941,0.15186145850622482,,-0.11570981716864309,-0.042122716269123915,0.9395503708364225,0.5187364475823517,0.8447994185720411,0.46423504268980004,1.0,,,-0.08224546424969287,-0.06886291540075214,0.05107765394751209,-0.263095265579383,-0.024745059346828913,-0.07219754614150338,-0.01011179959173087,0.07541812039950599,0.08029147370250742,0.08502248113670116,0.11518958177203482,0.12126195472297922,-0.018918871634874764,0.005201652972217496,-0.11833014921549155,,-0.07786647871140417,0.057629435812329766,-0.040025026193351604,-0.0552102749405433,-0.06678499003463041,0.03159233464122209,-0.11168931392265555,-0.01100362060134555,0.0560464012184115,-0.2760442180593379,0.0008195116672522874,0.14767334927080003,0.8455938955990558,0.9395503708364222,0.5187364475823514,0.8447994185720418,0.46423504268980004,1.0000000000000007,-0.1627328927224201,-0.13855845969114053,-0.19875562568743702,0.0753475568047884,-0.11995774393717341,0.17756407151198872
sw,,,,,,,,,,,,,,,,,,,,,,,,,,,,,,,,,,,,,,,,,,,,,,,,,,,,,,,,,,,,,,,,,,,,,,
tw,,,,,,,,,,,,,,,,,,,,,,,,,,,,,,,,,,,,,,,,,,,,,,,,,,,,,,,,,,,,,,,,,,,,,,
raf10,0.2779985664126988,-0.44743752304699835,-0.1044414399186812,0.051152386033722456,0.12326598116072914,0.9828973409235859,-0.18596295300677612,-0.2907428508149754,-0.22311834016389426,-0.004485773730431669,0.16094178099343542,0.2266596022502111,0.18828361396884316,-0.02063924140075516,0.10796552935177842,-0.08706050810582767,0.15599050086632069,0.3805291882188699,0.50709889891754,-0.05530608409880685,,0.5376363609642828,-0.11896973048577425,-0.13252777377825287,-0.9693954731459767,-0.23112130081560592,-0.8715208590052418,-0.08224546424969287,,,1.0,0.9649851392595261,-0.416960506087643,0.17216468505659752,0.010551894797757132,0.21634721538015855,0.032392082709018395,0.0812177625955291,0.11911849913500079,0.09610452877441084,0.10954900410227529,0.06750583504669616,0.9984345401129955,0.3894121502439741,0.9410290982029892,-0.09603929877168176,0.032288274720083644,0.030108139438621177,-0.11837966801725938,-0.057550955197503216,0.1090013185836588,-0.1011891466816864,-0.05027795139176038,0.13261157897731088,-0.09152986262404605,0.08333780069986478,0.09365053657682805,0.10232530365020129,-0.1859629530067761,-0.13252777377825323,-0.9693954731459767,-0.23112130081560642,-0.8715208590052419,-0.08224546424969413,-0.39471900094149936,0.3654026980931222,-0.13340591982077027,-0.03170846075928206,0.01554960626866642,-0.03632233323801374
rafper,0.340819052069209,-0.3977864667362364,-0.03701808479325733,0.021126967393882645,0.14261752340068132,0.9345969079944386,-0.13610209854693642,-0.22888046918811245,-0.18635964035178024,0.03656529452789118,0.1597404186076573,0.1968149593890628,0.19520048371661972,0.060998539188438554,0.11783627128810861,-0.09345578858540199,0.03444612408316166,0.04425829135317878,0.07940590203446096,-0.02409037743224947,,0.012978303685196738,-0.030404645707530972,-0.13383227734747014,-0.44527566183312495,-0.2205671676967545,-0.5077487682303964,-0.06886291540075214,,,0.9649851392595261,1.0,-0.4096081870609602,0.14070714146463142,0.017349245526961633,-0.016930448222708026,0.034814883931017435,0.10667856730278347,0.1214587873888781,0.1092374039191,0.12138670228499467,0.10617350790547982,0.6028503252256789,-0.3275764257408203,-0.6103981425261465,-0.059758981866232706,0.04085328589326073,0.09704284452252336,-0.14194604654947937,-0.030182069817844017,0.13279128657315448,-0.12621545647104726,-0.042639166124263696,0.12374840824171188,-0.08028219915981749,0.04723084027096442,0.14633385058757126,-0.07713977172970453,-0.13610209854693692,-0.13383227734746933,-0.44527566183312556,-0.22056716769675344,-0.5077487682303964,-0.06886291540075382,-0.408795784632821,0.3491868399852118,-0.13517814482024043,-0.007330754795854942,-0.020740813147796973,-0.035791240494361304
